191.248413	1.690614
192.836197	1.684982
194.424026	1.67958
196.011902	1.674394
197.599823	1.669412
199.18782	1.664622
200.775848	1.660014
202.363922	1.655579
203.952057	1.651306
205.540237	1.647188
207.128448	1.643217
208.716721	1.639385
210.305023	1.635685
211.893402	1.632111
213.481812	1.628657
215.070267	1.625317
216.658768	1.622085
218.247314	1.618958
219.835892	1.615929
221.42453	1.612996
223.013214	1.610153
224.601929	1.607396
226.190674	1.604722
227.779495	1.602128
229.368332	1.59961
230.95723	1.597165
232.546143	1.594789
234.135101	1.592481
235.724121	1.590238
237.313156	1.588056
238.902252	1.585934
240.491379	1.583869
242.080536	1.58186
243.669754	1.579903
245.258987	1.577998
246.848267	1.576142
248.437576	1.574333
250.026932	1.57257
251.616302	1.570851
253.205734	1.569175
254.795197	1.56754
256.384674	1.565945
257.974182	1.564389
259.563751	1.562869
261.153351	1.561385
262.742981	1.559936
264.332611	1.558521
265.922302	1.557138
267.512024	1.555786
269.101776	1.554465
270.691559	1.553174
272.281372	1.551911
273.871216	1.550676
275.46109	1.549468
277.050964	1.548285
278.64093	1.547129
280.230865	1.545996
281.820862	1.544888
283.410858	1.543802
285.000916	1.54274
286.590973	1.541698
288.181061	1.540679
289.771179	1.539679
291.361298	1.5387
292.951477	1.53774
294.541687	1.5368
296.131897	1.535877
297.722107	1.534973
299.312378	1.534086
300.902649	1.533216
302.492981	1.532363
304.083313	1.531525
305.673645	1.530704
307.264008	1.529897
308.854431	1.529106
310.444824	1.528329
312.035248	1.527566
313.625702	1.526817
315.216156	1.526082
316.806671	1.52536
318.397156	1.52465
319.987701	1.523953
321.578217	1.523268
323.168762	1.522595
324.759338	1.521934
326.349945	1.521284
327.940552	1.520645
329.531189	1.520017
331.121796	1.519399
332.712463	1.518792
334.303101	1.518195
335.893768	1.517608
337.484467	1.51703
339.075165	1.516462
340.665894	1.515903
342.256622	1.515353
343.847351	1.514812
345.43808	1.51428
347.02887	1.513756
348.619598	1.51324
350.210388	1.512733
351.801178	1.512233
353.391968	1.511741
354.982758	1.511257
356.573578	1.51078
358.164398	1.51031
359.755219	1.509848
361.346039	1.509393
362.93689	1.508944
364.52774	1.508503
366.118591	1.508068
367.709412	1.50764
369.300293	1.507218
370.891174	1.506803
372.482025	1.506395
374.072876	1.505994
375.663757	1.505597
377.254639	1.505202
378.84552	1.504812
380.436371	1.504427
382.027283	1.504047
383.618134	1.503673
385.209015	1.503304
386.799896	1.502939
388.390778	1.502581
389.981659	1.502226
391.57254	1.501877
393.163391	1.501533
394.754272	1.501194
396.345154	1.500859
397.936005	1.500528
399.526886	1.500202
401.117737	1.499881
402.708557	1.499564
404.299438	1.49925
405.890289	1.498941
407.48111	1.498636
409.07196	1.498336
410.66275	1.498039
412.253571	1.497745
413.844391	1.497456
415.435211	1.49717
417.02597	1.496888
418.616791	1.496609
420.207581	1.496334
421.79834	1.496062
423.389069	1.495794
424.979828	1.495529
426.570557	1.495267
428.161285	1.495009
429.752014	1.494753
431.342712	1.494501
432.933411	1.494252
434.524078	1.494005
436.114746	1.493762
437.705383	1.493522
439.29599	1.493284
440.886627	1.493049
442.477234	1.492817
444.06781	1.492588
445.658386	1.492362
447.248962	1.492138
448.839508	1.491916
450.430023	1.491697
452.020508	1.491481
453.611023	1.491267
455.201477	1.491056
456.791931	1.490847
458.382385	1.49064
459.972809	1.490436
461.563171	1.490234
463.153564	1.490034
464.743896	1.489836
466.334229	1.489641
467.9245	1.489448
469.514801	1.489257
471.105072	1.489068
472.695313	1.488881
474.285553	1.488696
475.875732	1.488513
477.465881	1.488332
479.056061	1.488153
480.646149	1.487976
482.236237	1.4878
483.826324	1.487627
485.416351	1.487455
487.006348	1.487286
488.596344	1.487118
490.18634	1.486951
491.776215	1.486787
493.36615	1.486624
494.955994	1.486463
496.545837	1.486304
498.135651	1.486146
499.725433	1.48599
501.315186	1.485835
502.904938	1.485682
504.494629	1.48553
506.08429	1.485381
507.673889	1.485232
509.263489	1.485085
510.853027	1.48494
512.442566	1.484795
514.032104	1.484653
515.621521	1.484512
517.210938	1.484372
518.800354	1.484233
520.389709	1.484096
521.979004	1.48396
523.568237	1.483826
525.157532	1.483693
526.746704	1.483561
528.335876	1.48343
529.924988	1.483301
531.514099	1.483173
533.103149	1.483046
534.692139	1.48292
536.281128	1.482795
537.870056	1.482672
539.458923	1.48255
541.047791	1.482429
542.636597	1.482309
544.225403	1.48219
545.814087	1.482072
547.402771	1.481955
548.991394	1.48184
550.579956	1.481725
552.168579	1.481612
553.757019	1.481499
555.34552	1.481388
556.93396	1.481277
558.522278	1.481168
560.110596	1.48106
561.698853	1.480952
563.287109	1.480846
564.875305	1.48074
566.46344	1.480636
568.051453	1.480532
569.639526	1.480429
571.227478	1.480327
572.81543	1.480226
574.40332	1.480126
575.99115	1.480027
577.578979	1.479928
579.166626	1.479831
580.754333	1.479734
582.34198	1.479638
583.929565	1.479543
585.51709	1.479449
587.104553	1.479356
588.691956	1.479263
590.279297	1.479171
591.866577	1.47908
593.453857	1.47899
595.041077	1.478901
596.628174	1.478812
598.215271	1.478724
599.802307	1.478637
601.389282	1.47855
602.976196	1.478464
604.563049	1.478379
606.14978	1.478294
607.736572	1.478211
609.323242	1.478128
610.90979	1.478045
612.496399	1.477964
614.082886	1.477883
615.669312	1.477802
617.255676	1.477723
618.84198	1.477643
620.428223	1.477565
622.014404	1.477487
623.600525	1.47741
625.186584	1.477333
626.772583	1.477257
628.358521	1.477182
629.944397	1.477107
631.530151	1.477033
633.115906	1.476959
634.701538	1.476886
636.28717	1.476814
637.872681	1.476742
639.45813	1.476671
641.043579	1.4766
642.628906	1.47653
644.214172	1.47646
645.799316	1.476391
647.38446	1.476322
648.969482	1.476254
650.554504	1.476187
652.139404	1.476119
653.724243	1.476053
655.30896	1.475987
656.893677	1.475921
658.478333	1.475856
660.062866	1.475792
661.647339	1.475728
663.23175	1.475664
664.81604	1.475601
666.400269	1.475538
667.984497	1.475476
669.568604	1.475414
671.152588	1.475353
672.736572	1.475292
674.320435	1.475232
675.904236	1.475172
677.487915	1.475112
679.071594	1.475053
680.655151	1.474995
682.238647	1.474936
683.822021	1.474879
685.405396	1.474821
686.988586	1.474764
688.571716	1.474708
690.154846	1.474652
691.737854	1.474596
693.32074	1.47454
694.903564	1.474486
696.486328	1.474431
698.06897	1.474377
699.651611	1.474323
701.23407	1.47427
702.816528	1.474217
704.398804	1.474164
705.981079	1.474112
707.563232	1.47406
709.145325	1.474008
710.727295	1.473957
712.309204	1.473906
713.890991	1.473855
715.472778	1.473805
717.054382	1.473756
718.635925	1.473706
720.217407	1.473657
721.798767	1.473608
723.380005	1.47356
724.961243	1.473512
726.542358	1.473464
728.123352	1.473416
729.704224	1.473369
731.285095	1.473322
732.865845	1.473276
734.446472	1.47323
736.026978	1.473184
737.607483	1.473138
739.187866	1.473093
740.768066	1.473048
742.348267	1.473003
743.928345	1.472959
745.508301	1.472914
747.088196	1.472871
748.667969	1.472827
750.247681	1.472784
751.827271	1.472741
753.406738	1.472698
754.986145	1.472656
756.56543	1.472614
758.144653	1.472572
759.723755	1.47253
761.302734	1.472489
762.881592	1.472448
764.460388	1.472407
766.039124	1.472367
767.617676	1.472326
769.196167	1.472286
770.774536	1.472247
772.352844	1.472207
773.93103	1.472168
775.509155	1.472129
777.087036	1.47209
778.664917	1.472052
780.242737	1.472013
781.820374	1.471975
783.397888	1.471937
784.975342	1.4719
786.552673	1.471862
788.129944	1.471825
789.707031	1.471789
791.284058	1.471752
792.860962	1.471715
794.437744	1.471679
796.014465	1.471643
797.591003	1.471608
799.16748	1.471572
800.743835	1.471537
802.320129	1.471502
803.89624	1.471467
805.47229	1.471432
807.048157	1.471398
808.623962	1.471364
810.199646	1.471329
811.775208	1.471296
813.350708	1.471262
814.926025	1.471229
816.501221	1.471195
818.076355	1.471162
819.651367	1.47113
821.226257	1.471097
822.800964	1.471064
824.37561	1.471032
825.950195	1.471
827.524597	1.470968
829.098816	1.470937
830.673035	1.470905
832.24707	1.470874
833.820984	1.470843
835.394836	1.470812
836.968567	1.470781
838.542114	1.47075
840.11554	1.47072
841.688843	1.47069
843.262085	1.47066
844.835144	1.47063
846.408081	1.4706
847.980957	1.470571
849.553711	1.470541
851.126282	1.470512
852.69873	1.470483
854.271118	1.470454
855.843384	1.470425
857.415405	1.470397
858.987427	1.470369
860.559204	1.47034
862.130981	1.470312
863.702515	1.470284
865.273926	1.470257
866.845337	1.470229
868.416504	1.470202
869.98761	1.470174
871.558472	1.470147
873.129272	1.47012
874.700012	1.470093
876.270508	1.470067
877.840942	1.47004
879.411255	1.470014
880.981323	1.469988
882.551392	1.469962
884.121277	1.469936
885.69104	1.46991
887.26062	1.469884
888.8302	1.469859
890.399536	1.469833
891.968628	1.469808
893.537781	1.469783
895.10675	1.469758
896.675476	1.469733
898.244263	1.469709
899.812683	1.469684
901.381165	1.46966
